20221008042814 20221013021614
20221008042814 20221027011800
20221008042814 20221023085822
20221008042814 20221006032546
20221008042814 20221006013313
20221008042814 20221006213953
20221008042814 20221007043646
20221008042814 20221006084204
20221008042814 20221009192000
20221008042814 20221007044552
20221008042814 20221003150098
20221008042814 20221024215216
20221008042814 20221014215609
20221013021614 20221006032546
20221013021614 20221008042814
20221013021614 20221028172836
20221013021614 20221014215609
20221013021614 20221009192000
