20221006032546 20221013021614
20221006032546 20221013221136
20221006032546 20221008042814
20221006032546 20221012144502
20221006032546 20221027011800
20221006032546 20221028173620
20221006032546 20221006084204
20221006032546 20221009192000
20221006032546 20221007043646
20221006032546 20221006013313
20221006032546 20221014074318
20221007043646 20221008042814
20221007043646 20221009192000
20221007043646 20221006084204
20221007043646 20221006032546
20221007043646 20221006013313
20221021071146 20221014215609
